11 2 6 4
10.9882 2.25116 6 4
10.9527 2.50133 6 4
10.8937 2.74953 6 4
10.8115 2.99476 6 4
10.7063 3.23607 6 4
10.5787 3.4725 6 4
10.429 3.70312 6 4
10.2578 3.92701 6 4
10.066 4.14331 6 4
9.8541 4.35114 6 4
9.62308 4.5497 6 4
9.37381 4.73819 6 4
9.10728 4.91587 6 4
8.82454 5.08205 6 4
8.52671 5.23607 6 4
8.21496 5.37731 6 4
7.89052 5.50523 6 4
7.55468 5.61931 6 4
7.20875 5.71911 6 4
6.8541 5.80423 6 4
6.49214 5.87433 6 4
6.12429 5.92915 6 4
5.752 5.96846 6 4
5.37674 5.99211 6 4
5 6 6 4
4.62326 5.99211 6 4
4.248 5.96846 6 4
3.87571 5.92915 6 4
3.50786 5.87433 6 4
3.1459 5.80423 6 4
2.79125 5.71911 6 4
2.44532 5.61931 6 4
2.10948 5.50523 6 4
1.78504 5.37731 6 4
1.47329 5.23607 6 4
1.17546 5.08205 6 4
0.892717 4.91587 6 4
0.626188 4.73819 6 4
0.376921 4.5497 6 4
0.145898 4.35114 6 4
-0.0659676 4.14331 6 4
-0.25784 3.92701 6 4
-0.428962 3.70312 6 4
-0.578659 3.4725 6 4
-0.706339 3.23607 6 4
-0.811499 2.99476 6 4
-0.893724 2.74953 6 4
-0.952688 2.50133 6 4
-0.98816 2.25116 6 4
-1 2 6 4
-0.98816 1.74884 6 4
-0.952688 1.49867 6 4
-0.893724 1.25047 6 4
-0.811499 1.00524 6 4
-0.706339 0.763932 6 4
-0.578659 0.527502 6 4
-0.428962 0.296883 6 4
-0.25784 0.0729853 6 4
-0.0659676 -0.143307 6 4
0.145898 -0.351141 6 4
0.376921 -0.549696 6 4
0.626188 -0.738188 6 4
0.892717 -0.915875 6 4
1.17546 -1.08205 6 4
1.47329 -1.23607 6 4
1.78504 -1.37731 6 4
2.10948 -1.50523 6 4
2.44532 -1.61931 6 4
2.79125 -1.71911 6 4
3.1459 -1.80423 6 4
3.50786 -1.87433 6 4
3.87571 -1.92915 6 4
4.248 -1.96846 6 4
4.62326 -1.99211 6 4
5 -2 6 4
5.37674 -1.99211 6 4
5.752 -1.96846 6 4
6.12429 -1.92915 6 4
6.49214 -1.87433 6 4
6.8541 -1.80423 6 4
7.20875 -1.71911 6 4
7.55468 -1.61931 6 4
7.89052 -1.50523 6 4
8.21496 -1.37731 6 4
8.52671 -1.23607 6 4
8.82454 -1.08205 6 4
9.10728 -0.915875 6 4
9.37381 -0.738188 6 4
9.62308 -0.549696 6 4
9.8541 -0.351141 6 4
10.066 -0.143307 6 4
10.2578 0.0729853 6 4
10.429 0.296883 6 4
10.5787 0.527502 6 4
10.7063 0.763932 6 4
10.8115 1.00524 6 4
10.8937 1.25047 6 4
10.9527 1.49867 6 4
10.9882 1.74884 6 4
11 2 6 4
